80
523
369
2650
1093
254
20
2844
2686
2232
1395
2408
2608
1371
2721
1868
291
1908
17
1887
165
2312
1689
2924
85
2307
100
2568
2479
847
1905
1971
2408
278
1466
2868
222
6
787
570
314
2811
21
205
2297
1186
2342
368
1164
1306
840
2171
1716
1799
2494
225
2431
1729
2332
1786
512
1700
1871
1497
2782
1708
1199
1041
2977
2692
2038
41
2254
2212
2729
1368
2331
2448
1482
498
2307
2209
881
2879
1589
2486
1415
1766
726
2543
1539
218
490
132
1012
1179
2472
2677
2900
1199
1005
195
2658
403
1354
32
890
944
1572
2496
2929
269
2090
2802
886
2717
162
1928
2971
1901
130
1719
2909
2554
1653
252
2663
2701
2023
1207
2112
2948
754
799
2262
1646
2489
2309
2776
1118
2750
1637
996
699
1319
1587
158
2848
2430
459
504
2964
1705
2283
1554
2642
1489
1302
10
2939
2077
1686
1551
1638
50
660
672
2135
2886
2976
1385
2343
970
1934
1136
153
2777
1451
2517
1118
633
1480
702
2026
651
1780
824
2061
2143
987
2595
1834
2538
2613
383
272
265
276
1561
2870
876
1117
812
1554
1099
1229
1758
1080
1147
2411
1536
199
124
284
1759
2708
1329
2030
1319
1208
2157
1244
1784
2889
767
580
2895
589
1500
1111
2153
881
2822
1239
1964
1180
642
2489
2058
1018
396
1120
53
310
2024
1464
2302
2995
1395
1428
1393
252
1281
1899
215
1641
625
1238
2994
2248
2609
2670
37
1387
2050
337
2726
728
1782
2032
1059
2072
462
46
1642
982
1869
127
235
1229
1396
2068
1335
2911
2663
1910
498
2874
2992
855
1874
546
1384
2179
301
594
254
358
1411
2138
1505
2127
800
1511
2127
611
2127
971
31
64
2721
244
2413
252
1343
1239
1903
1756
2107
1599
2189
1353
2972
705
1323
435
1054
2086
2239
219
712
1566
606
1351
851
2865
1360
650
812
151
563
1917
2957
499
830
455
3
303
1673
2566
1382
1981
719
1484
560
2359
2334
1939
1636
848
2387
2931
1550
2444
2042
1138
573
506
248
1818
654
2043
1840
2483
1357
1876
2091
287
2249
1058
923
1139
2582
2595
1889
603
1998
2434
2142
1016
2749
863
2400
1077
2004
2449
1810
918
462
1555
1471
570
863
1878
1443
1344
282
2319
1309
2864
1901
1799
2328
986
1803
629
2725
1761
2105
1577
57
1905
1073
2959
2177
1367
2585
26
107
2153
556
827
1364
2937
641
2092
594
2683
2163
2065
2491
2048
920
994
683
847
660
2260
2434
1276
2593
168
853
2414
394
2432
2613
1437
720
660
570
2105
875
2925
566
1613
1336
1155
155
1661
1786
506
2931
1817
2057
2518
250
1262
2453
256
312
2704
733
606
1109
474
1499
1767
2300
370
2295
2451
1929
1961
1918
2859
68
513
939
1811
883
72
2311
1361
879
2445
2938
1881
310
2786
2733
2087
116
184
468
1420
2904
1236
2176
320
273
1671
801
17
174
2264
2772
2870
2771
456
1470
1568
2743
2850
993
218
1908
181
1512
2130
1162
960
1817
872
2861
2351
1894
1246
1555
405
2645
122
1184
306
1251
2762
1736
2549
1091
2692
354
1311
166
622
2880
1083
2945
729
49
1592
1619
2215
391
1128
1721
1898
2930
2643
2316
1970
906
849
309
2074
2063
1471
94
2606
1911
819
963
2070
1790
2282
1291
1650
1170
2636
2985
1577
1021
170
2008
542
1698
2676
1571
2017
992
723
1252
2535
2208
870
2217
1414
2358
1399
2685
947
2260
1502
614
2398
236
2227
2120
417
1826
2463
1077
2455
639
2992
141
1112
753
2215
1827
1174
518
1991
2372
885
2447
1158
118
534
110
1816
184
636
2010
2575
588
488
1302
179
234
2700
25
1203
1387
391
2920
2363
2263
2311
132
1373
1817
1289
488
2888
987
1804
404
578
1007
2462
2674
589
186
2576
1283
1323
2077
1508
1689
1821
1027
61
484
1626
908
1608
380
303
2197
2840
2147
787
2988
412
1711
1164
2520
567
1312
2386
1726
1472
1208
2512
1278
22
2475
1459
2549
2151
375
2060
2761
2837
1404
2826
2332
569
1097
1930
2465
329
2099
1704
2849
1545
2432
1808
990
2574
1373
2239
80
544
790
700
744
2706
2273
2830
1207
769
2358
2953
2
1947
854
2454
1314
683
1347
1779
2847
207
412
1066
468
580
1354
977
1597
580
545
555
2638
1323
78
1661
2755
2291
1905
1236
2048
2854
582
2033
484
2171
1775
2968
2102
1983
1157
2616
1649
957
1560
1489
875
955
1709
1161
2213
958
1746
340
1999
2100
1249
715
367
2980
201
2648
79
2141
2644
1365
2668
469
602
439
436
2775
2712
2738
2851
2318
943
1831
1946
512
2087
65
2508
1102
7
2427
2094
1599
1790
971
333
210
1705
2637
1999
2273
2371
922
1177
2138
2706
926
610
1958
2268
1072
607
369
1820
604
2586
1824
322
1586
2345
2795
2830
1277
2517
2657
2530
1979
960
1399
1992
1215
288
796
1890
2241
2596
249
2291
1978
2310
1129
325
1936
1269
1843
2721
775
2095
344
246
2288
5
641
1321
947
572
80
2850
1120
2393
2120
998
982
805
2807
1488
1247
545
2509
497
2842
215
773
1607
2424
986
2583
667
2638
2798
1119
1086
1148
1294
2815
464
2675
2231
1658
914
886
2845
111
1075
781
222
2240
2092
1238
2055
1792
1876
319
374
1694
1968
2542
1354
1691
241
521
2975
2282
1330
1624
2697
1848
1733
2713
72
967
1656
16
2912
603
2594
2633
2988
1713
2518
583
2948
1455
372
2584
1705
710
1967
2474
1889
2630
1561
2818
2296
263
1195
2551
1652
2942
2817
2969
87
351
1010
1482
747
1106
2136
263
1686
2257
2054
1525
133
603
1301
207
2920
597
2791
686
2825
18
2300
286
2120
1430
2943
2440
1682
875
2584
2655
1274
1252
1754
1731
2521
2394
136
2940
1605
2819
692
1461
2783
600
2622
1908
1071
1732
1185
157
2318
161
1275
1431
1339
1847
1546
572
2041
431
2322
2088
2199
2849
2348
1990
956
2117
861
2397
488
251
316
2591
1124
2691
1271
2328
779
2901
380
518
699
1571
2510
2144
2839
1883
373
2518
2978
2735
939
2137
1916
2092
2347
1100
2549
1418
389
464
2349
2879
1597
2806
2381
1991
356
1746
171
1727
39
413
95
512
499
2742
778
72
1357
218
2383
2500
2808
2685
1803
2129
2208
2742
494
1042
1661
2603
814
619
2321
823
62
47
677
1953
118
56
1835
257
2810
803
1323
2281
3000
895
1480
2943
2558
2701
2400
1466
1598
1683
2032
100
94
2179
601
2843
636
977
2838
2341
866
991
1083
2133
1717
1739
1976
274
1272
2438
1472
219
1956
1068
283
2394
33
2327
1983
1971
360
981
228
919
1359
2242
80
208
2842
658
101
2892
891
999
1898
365
291
74
743
86
2023
545
2867
1319
2970
2560
1731
271
2514
1713
266
2990
1576
1197
1849
1249
827
1010
349
969
1828
114
1986
948
2865
1601
1448
2485
2714
2505
392
689
2383
2561
1140
895
192
2036
831
361
1766
2322
2438
1401
759
1042
2261
1696
1140
1291
822
2685
1058
2212
1333
1804
2012
421
2396
430
913
2259
1653
144
2426
2391
1312
2136
1094
135
1817
303
2741
375
1763
2996
684
382
463
1004
194
1367
2477
552
1342
2999
2161
145
1082
2765
1398
598
1530
529
2946
512
218
2986
2465
1573
1093
2934
1196
2516
2475
2867
477
2024
2886
137
1545
2821
589
1633
2738
978
637
1275
1461
10
1296
2896
2093
1420
516
755
339
2535
2453
436
1361
1925
2788
95
1243
1145
948
2713
2574
1294
2992
2321
2212
2716
837
1924
2166
2500
2117
2553
2049
2484
515
822
901
2240
1005
749
1410
2701
1154
265
269
866
1323
18
268
2006
2562
1669
734
2069
1281
1689
2628
882
1239
1921
423
1006
2420
1010
389
764
1724
1393
284
2293
1392
2911
869
2554
2599
562
1827
1406
2423
447
2824
2905
1553
589
2884
1950
340
2635
2876
517
2841
841
2795
1949
1088
687
2088
1200
2891
974
2906
794
1708
2415
1650
2582
198
1767
2212
1140
1035
476
1941
2154
2885
595
924
90
2921
1356
1728
2921
487
2450
2094
1444
783
2583
1128
1708
22
858
2916
2237
1916
604
1290
1915
683
936
2113
2121
1149
663
2835
669
2822
255
2068
2680
133
1919
2921
2228
642
1486
2245
2503
960
640
1044
258
2566
232
130
2699
2215
1788
2109
2776
1874
2514
1500
931
2646
2074
2531
2826
1377
2231
2798
1602
234
1075
1051
2570
2906
794
498
131
1918
1410
2117
1805
2242
783
2297
318
526
2080
2517
1020
2131
456
1945
2954
1404
2504
1858
595
2575
1922
1785
2551
1030
1619
1519
32
179
424
1697
2225
62
907
1936
1678
2887
2043
1629
2380
1166
513
333
1219
1841
2682
205
999
2055
1380
2820
2326
524
1544
1487
1018
1131
2721
679
1720
1159
1627
707
1248
226
682
2365
728
2254
2321
414
2616
2575
1829
1138
2622
1873
1607
2601
1194
1558
343
31
1525
392
564
2861
1755
2170
22
2920
1274
2724
314
2676
272
822
2974
2099
2718
388
1772
330
734
1638
205
1664
502
294
2143
222
1578
2888
2712
511
405
819
1491
363
1180
1649
1115
303
464
2930
2667
38
2376
2939
1599
577
766
1123
2369
764
1127
172
1012
804
1592
639
1002
2209
21
1874
1661
1232
977
1885
948
1213
2429
114
330
506
1577
436
2804
1707
2070
115
1953
1676
2074
2169
600
2938
514
2056
2194
1589
2085
2405
1100
294
2437
2252
546
1405
1362
211
2175
1733
2164
516
1767
2443
2340
2123
2199
2771
2077
166
2529
1143
1790
115
1690
2417
2017
794
240
1160
669
1712
272
1770
431
1390
629
77
1807
154
39
721
776
2122
2050
451
805
1621
1689
1012
1432
1134
859
1948
2182
2311
355
223
2427
2591
1506
1410
2102
1203
2570
2523
2013
1182
176
613
741
1713
2165
1322
489
1602
2545
1210
2007
2647
2143
1308
2556
1366
322
802
2241
1183
1287
1625
1442
2799
1866
1364
2947
554
532
925
2853
1127
1373
1135
1158
179
1950
2127
352
894
2312
881
2775
1038
986
565
2592
2090
1267
480
391
2486
2451
1534
185
2092
1281
2617
686
342
2433
1534
2618
2419
930
528
498
362
2990
43
1437
1275
422
1345
2432
2529
715
2272
442
1700
2483
2381
2126
1935
2372
235
750
112
2265
410
2417
1068
1668
2698
1201
2681
2029
2027
1380
1668
1440
2780
307
636
619
2488
2345
1767
1454
1603
428
1975
2384
827
800
1491
666
501
179
597
2733
143
1999
2047
79
1174
2148
2792
2904
623
2446
2565
1865
2380
2039
839
2966
938
2623
2604
2299
1560
499
1503
1338
414
233
120
990
1781
1906
2080
916
1176
2627
2559
2172
2025
865
336
57
2706
185
1939
2608
121
1612
914
2365
2973
2272
478
175
2978
1744
1082
1325
505
2645
1841
342
381
2024
644
2934
1771
1191
2165
2689
1903
1069
1969
1375
2068
2088
2090
171
89
1454
2099
1169
2139
399
1664
192
2162
1316
1479
920
1554
2258
243
2736
517
2689
1806
1713
228
1726
2778
1481
2039
1916
659
2538
2342
2521
2888
1146
59
2029
930
1410
824
1476
1975
1283
1431
2936
1316
1598
1056
1267
1141
2568
2024
1324
1670
1507
2646
827
2444
1724
2467
1453
506
792
1077
2406
1300
1870
1554
1140
853
1348
1438
2935
208
955
375
961
800
56
2958
2864
2976
2378
1463
2185
2875
2533
2456
2333
1021
67
2126
2752
2168
1666
1720
2800
1142
243
2980
1080
2357
2187
1060
784
1415
1749
2757
2084
1296
1079
682
1657
2271
2970
2734
100
2006
215
99
731
2359
1010
1186
2737
1049
878
1192
2184
2403
1549
1415
1840
2478
2762
1828
2819
1157
2604
1180
965
1542
2450
1716
2175
2198
2524
1978
476
492
1541
297
1919
1711
1009
2759
2383
2874
2182
623
2321
2898
2896
2116
2329
2751
996
1431
1365
1536
2830
604
2696
1400
1367
248
541
2908
2695
711
1121
1739
2333
81
2885
2677
270
2328
1651
1819
994
247
2452
1028
2893
1629
1174
1527
1900
2202
2930
2870
974
810
2510
2301
2363
1197
838
1586
1658
670
1846
2629
25
866
2526
2197
1588
2333
211
1408
2808
451
1026
1349
842
902
847
708
1373
738
977
1205
669
2566
2527
627
846
353
2672
2816
1095
1392
1026
2483
2951
2049
1470
2056
1304
1806
736
1829
540
687
810
1587
1739
915
893
761
1072
2807
872
2726
1696
1076
415
863
2417
880
519
280
2063
1275
2063
1871
1303
1414
393
1647
2941
404
1967
1741
2786
41
240
2044
267
2699
1226
1751
1844
2678
2896
2954
2467
1548
2290
1396
1345
657
2182
1802
78
1239
22
1556
2582
1549
367
631
2560
69
1118
1709
1302
2323
2813
1701
1056
2233
1881
2673
1287
2772
2823
1293
2188
8
2809
951
1466
2343
1672
2778
261
2340
1135
2381
2579
2024
532
418
44
1205
2429
1234
525
1296
1809
2104
1045
1299
2804
1776
945
171
519
164
1661
394
804
669
1888
1337
1337
835
445
336
1027
1961
1662
629
2133
1966
1691
940
1606
1500
2900
221
104
141
960
2177
2271
1923
2661
260
187
2583
980
1208
1804
932
300
1203
1259
1010
2896
2797
2994
841
1524
481
1090
360
2230
1085
2932
1782
1955
1037
2231
526
2316
209
1099
2368
2589
380
1439
204
2695
629
2232
2716
2317
1927
2677
2833
438
1514
614
2189
471
2841
2823
49
2895
1076
1185
2320
465
2159
2610
1790
636
1086
1256
616
2842
1618
2336
2522
255
2385
1508
2259
2545
443
945
500
2748
276
810
2396
855
1739
732
2825
2230
928
329
2145
2581
1910
522
194
42
1703
2040
2385
2795
1779
775
104
471
2127
759
2602
1851
2704
2238
140
982
71
469
2516
327
684
1617
368
1537
251
2513
2102
2200
1962
1958
2066
414
194
555
419
1229
209
2300
2065
2827
671
2994
2996
1583
2973
2838
2581
329
855
878
1528
1758
2229
1748
1463
2812
1871
2230
963
637
260
2147
2656
2704
2346
546
423
187
1383
599
784
192
234
2502
2030
334
351
477
1983
1083
1081
2041
2406
1322
1288
2120
2397
1446
271
52
1949
2104
652
2161
1156
234
1675
1738
2058
2232
2734
2029
830
275
2627
1531
694
1769
2929
1441
2861
1080
452
2621
1366
295
237
2838
1995
963
1147
1902
614
913
2705
488
529
658
334
1930
157
2651
2439
2885
2890
532
322
307
2344
2145
2941
2170
195
956
25
2000
1193
1993
2609
562
94
1494
1320
2244
2685
1346
1654
2079
656
2757
2181
1196
2366
1548
1975
925
1913
2173
2802
168
1781
176
739
605
1904
1954
1326
2950
2377
2987
373
1359
1686
2330
2354
2380
685
76
975
1309
2022
644
1483
1214
332
1221
2929
1459
2256
2639
2501
2285
913
176
1321
2891
2880
528
628
1026
1652
2839
2715
1716
337
2672
384
215
2793
2793
2308
1367
1649
1143
816
892
1127
2984
2152
1816
2654
1101
2634
987
1216
64
1971
1498
2045
2690
54
2315
2810
1295
1445
312
790
637
1875
2664
1562
1667
2047
2254
2521
1771
2588
654
2628
57
1807
901
2740
2640
2675
1293
97
2794
2571
293
2855
1596
2997
931
2323
1278
1516
1591
1908
2360
2158
2558
550
716
1991
2898
1804
1634
1835
1326
1400
2370
2448
1762
1448
2774
2274
2086
1358
1779
954
600
1066
2268
553
1212
2874
1003
1987
1800
120
2620
2897
2287
2177
1758
14
2592
544
563
2966
2295
1681
2299
1232
733
2229
350
1299
2098
221
1483
1594
1774
1920
1027
1642
2913
2996
2795
186
1944
20
2568
1836
2973
1686
1670
1707
1520
1898
1849
426
488
1941
1767
645
400
1308
1113
38
2852
89
2931
676
35
36
1155
2387
2820
2144
2991
2692
1705
1964
857
2299
766
20
2924
2382
755
2719
2911
2690
1343
55
1407
1965
617
1882
767
634
931
2916
197
1981
1548
1724
2563
1730
1246
2533
1019
1003
1444
1881
857
1161
2760
2799
2391
2857
2728
2393
2681
1548
2898
2069
2943
2563
2752
914
2783
1668
52
748
1551
270
539
2357
2917
1343
2680
1975
47
798
1414
1064
2058
352
1005
1911
531
3
1116
1164
1924
2234
888
208
2707
2533
1727
2281
1434
2380
1394
1838
1019
252
1581
387
491
2932
224
554
1436
1198
2033
1085
299
1831
356
2036
729
2056
2408
1445
1297
1243
2973
1970
2269
2487
2739
331
2362
807
2079
2361
2006
1689
1848
2166
442
2636
1584
2331
641
2806
2672
1776
1063
1495
2313
498
247
1867
1846
2763
680
2409
1470
847
796
242
1468
2930
1436
959
2609
1491
500
2855
1522
2219
806
2798
2778
2891
1920
2864
2257
1201
1980
1207
680
1942
2422
862
26
2503
1691
2939
1724
916
1156
2561
2752
1033
1409
2434
2243
2013
1306
1104
1723
2895
50
2451
2813
1566
707
1642
2625
1453
626
1371
1694
1645
699
2301
807
1294
544
2596
2850
2224
1741
2864
1493
2100
1114
941
2043
616
2823
1304
6
11
2206
38
2244
2977
1112
2859
1223
547
1227
2214
729
1147
722
1940
1566
1308
807
2914
1360
2467
1297
2255
491
815
2287
1434
2916
2387
1807
1880
1405
2600
461
1526
1362
2556
1254
2297
1760
1487
2156
2090
872
2195
2545
2117
227
957
1922
58
874
1119
2095
1752
2652
2945
2221
2428
1894
1208
2543
1837
2690
1878
360
350
461
50
506
1515
2875
904
2251
816
2693
2033
2235
2036
1743
1373
1354
973
53
775
82
2862
2383
582
2344
2847
2775
613
2270
155
918
809
1489
1040
1884
237
2804
2008
83
2004
216
1214
1634
383
2987
505
687
917
2620
2712
2002
2679
714
2520
1496
1596
2534
1456
2338
1512
1484
1503
2584
1605
2745
2628
1185
1513
1307
1426
2975
2600
2938
2877
126
868
2568
2673
2784
2179
251
1982
2486
661
1883
2523
1468
2191
2982
603
1911
405
855
1878
719
2839
1098
1588
416
2502
2382
1431
2356
2445
2751
2818
1392
2680
2913
1534
1287
2926
411
2496
427
1425
1880
477
1779
1318
54
174
1014
1311
2186
1614
1545
735
2565
975
2234
1882
1284
444
555
2250
2682
2298
2978
841
113
1891
2367
153
1524
2543
2059
1368
612
2681
42
1521
346
148
2439
1750
2868
2827
2213
1155
671
283
2229
1874
2150
560
1786
2354
1622
2176
1375
2127
1444
2673
107
2038
1316
1414
2098
713
200
2989
2708
975
2406
75
1771
2939
1781
529
2604
785
1305
2600
1776
2115
971
2629
580
2588
2904
1888
1883
1218
1524
2253
2843
63
2405
523
815
1620
731
1178
1891
324
2571
2862
1893
1803
2397
38
166
888
2424
2900
2911
2438
2718
612
44
2216
1340
2165
2504
272
1594
584
1225
1698
2379
2707
2820
544
722
2328
1796
2051
46
2298
1789
2997
2961
2668
806
1967
2455
297
1473
366
2972
1143
132
270
1970
1039
2883
2659
739
124
2625
232
1414
1814
323
551
2354
387
1885
584
1266
2277
2451
50
2832
723
314
233
717
936
518
2262
2173
2662
1045
2086
2844
612
1051
162
2285
604
355
2816
2300
692
264
1657
2482
2419
1768
21
1316
1572
1107
2223
1414
769
1271
2723
774
1116
903
1078
786
90
222
30
1591
2278
756
890
2045
408
1631
485
950
2348
2006
2234
201
395
222
1924
752
973
1971
372
388
1888
139
2694
1231
2301
2398
1184
2835
988
2841
1700
2660
487
2603
1303
171
1846
2202
1698
999
2290
683
1558
2893
2115
1028
2278
1710
1290
2689
811
2478
977
1163
2322
1936
2162
2524
2349
1628
2298
2956
2333
809
179
2589
5
183
1991
2823
2471
2632
2289
2571
2225
497
318
1277
333
2946
180
1306
1504
2817
771
2277
2696
1241
203
484
2897
37
189
1720
2097
2120
952
934
2108
2980
1065
2719
583
2303
579
390
62
9
912
1825
2149
1886
2070
2880
1875
1782
534
1430
320
1763
2697
2866
1403
1921
639
1228
2507
1227
2849
2822
2224
808
1642
2348
1550
2606
2153
2436
1125
1600
1726
2099
2902
1082
2303
1680
1862
2366
2038
2813
1685
1918
1079
228
21
1584
2546
1555
743
2185
523
748
1291
1807
1268
993
1377
1629
2568
360
1684
205
1763
2295
253
2073
1825
2858
1304
2149
1853
1871
1962
2662
2308
2343
2659
2315
1659
1035
1156
1957
899
1967
246
232
366
99
2060
2083
553
2812
249
1946
829
2757
534
894
1637
2822
1257
1298
1113
1197
310
1040
599
425
2446
705
1423
2778
2546
1143
110
1983
1354
1006
651
1373
355
2610
2327
544
1328
590
2780
570
185
1555
2337
2823
2394
2819
1563
2200
2111
1992
1281
1734
699
1425
441
2686
1837
1259
1797
2687
2964
2016
2230
877
697
1133
659
1879
522
759
2078
641
2243
368
913
2394
2579
2497
1224
2977
1429
2432
1732
1206
2765
187
1882
1663
1646
1797
58
163
2572
1417
1721
2030
903
2619
485
1771
2063
1449
1540
199
1316
1499
2995
1324
1870
143
993
2463
2681
460
1033
751
2256
554
262
2362
188
113
2253
2414
2644
655
1833
2172
1106
9
1492
2059
1566
2113
2538
1528
1079
2606
2914
1497
655
903
891
2701
212
1813
649
2387
605
0
1583
1010
1247
610
1537
1147
1537
1171
1637
1897
1373
1082
2384
173
727
1636
241
589
2060
815
2501
259
2388
2026
866
2399
208
2694
1891
2106
1010
2514
1530
2159
2719
2874
1683
1463
436
2364
1141
226
1727
2276
85
771
2940
161
1686
337
793
2897
1230
288
400
1271
2117
1139
285
842
2328
1810
477
554
1667
2769
1102
1881
1759
2884
1336
2007
309
2910
2009
1771
869
2624
1956
1086
611
760
2972
1104
1653
1408
1835
854
619
1948
625
2894
2621
22
1821
1187
2002
2482
2674
440
2338
269
2910
1424
2787
569
2959
2107
2134
1150
1328
1252
786
1492
2559
1326
2151
2860
2852
1224
120
423
907
1806
2370
2686
2476
2039
2765
1919
1048
2160
2547
382
440
2339
259
1818
187
591
1491
1039
2965
960
2348
2085
1073
463
1482
2428
2415
450
1692
786
180
2326
462
2270
2069
2888
208
798
1483
1051
1005
2405
681
941
2895
2092
691
2748
2015
2953
1317
2815
1384
1537
2305
1712
1769
334
2295
698
427
2804
743
2947
1117
1534
912
1345
1681
2757
1982
2899
819
75
434
880
35
2151
790
860
211
2709
1336
2849
549
1933
1852
1173
2878
616
2840
2695
1874
1473
1907
99
27
1375
2776
1896
1654
1964
2388
1547
2933
2912
1433
176
2988
1625
2396
743
1974
1620
2450
1288
2201
1550
2384
2922
1328
2342
2151
2274
2037
1057
2376
308
1889
780
489
2054
459
1344
776
570
1302
2772
1432
1277
2174
1792
1387
1836
158
2812
1576
1236
1647
485
2354
1085
497
1489
773
250
1379
1220
884
276
2561
1628
1551
1221
108
1352
2211
1779
2036
775
1969
1113
234
2592
207
703
2250
2273
2502
22
1590
2745
18
2025
1635
2412
2520
2610
528
633
720
2066
210
881
2811
424
1030
2913
1914
1056
1352
1515
467
708
1302
1836
886
989
1261
1901
757
751
2837
2226
491
290
1721
268
1036
445
2489
19
1564
1222
1240
2906
1120
626
2798
1811
1111
2817
1713
1967
870
2057
2703
571
111
1617
1477
1187
2851
1760
422
1287
2650
2624
1507
274
2498
232
1458
1140
2609
2452
2854
1422
1466
766
2847
2702
1287
1268
266
1936
2762
1939
1034
2042
1740
1995
2796
1005
2795
2198
308
1383
299
2832
2974
1323
804
1767
1397
1387
127
329
1149
1655
2638
2699
1205
2820
1609
2568
2128
2625
773
1667
875
1597
759
1953
2876
2638
2572
1958
1033
1569
2924
2273
1212
1850
2055
1171
1784
1146
1264
1972
1571
587
2604
1202
1929
2296
206
2719
2020
1448
938
1156
916
1453
2551
2952
561
348
2409
1483
2196
33
1340
2589
545
1908
33
2205
824
2918
738
605
1286
229
2188
293
2259
1900
602
217
2092
1161
2031
2254
1499
481
2763
1423
77
2122
1354
2526
1700
925
2666
2497
1529
2572
2440
2476
1797
191
1508
336
1198
1161
2972
1309
829
271
1948
2948
263
667
2208
1050
1427
2576
1397
2661
792
1037
717
16
287
1289
1826
2892
2216
2766
1157
2346
2685
707
633
448
142
125
1430
348
2295
6
559
2062
1557
1239
1893
2433
2844
2684
1231
1727
2484
2566
99
2656
1934
1669
2344
1662
2487
569
471
1724
161
1941
1503
2912
1658
2042
1316
1838
1514
816
991
1055
1934
831
711
1024
2327
606
155
502
239
986
2099
2600
2626
1516
2655
454
603
42
1609
1092
2547
2209
237
2809
1090
803
123
2165
1525
1265
637
2132
2429
1346
246
952
1081
32
418
1493
2984
1873
624
295
2526
403
1111
2920
2818
1056
1577
2815
1060
1387
2650
2185
480
1755
2696
2158
140
890
1869
2963
130
1943
886
531
1003
2333
1
2081
1351
1453
2571
1300
691
2465
1466
1139
1131
1551
1033
270
1657
1203
1748
2193
2571
1767
1590
1061
173
6
702
372
1947
1532
2390
898
513
625
2536
887
445
109
563
433
2669
2356
2988
610
1359
2519
536
8
1298
1134
2369
50
1009
1250
1011
848
1753
1239
2789
688
484
2176
42
1766
2470
1862
1111
936
1753
257
457
2348
254
2225
2546
1512
1691
1001
1913
806
868
1205
2189
521
2763
1476
457
2870
1767
1021
689
1484
466
2605
1776
2861
2181
936
420
436
1990
1919
1174
263
1629
2806
1491
850
734
1688
578
1720
1232
1888
592
2047
1078
1668
1438
1780
1358
1993
1410
1715
2514
553
2689
812
2087
2323
239
1996
2806
1835
2079
324
2532
1593
436
820
1337
383
2445
2120
2023
1124
714
2000
2764
1754
2036
278
2071
2259
1534
1238
1061
1892
798
2610
887
1274
2090
2049
666
1254
1592
1677
2675
1544
526
2952
734
807
2169
783
1283
1703
2931
2721
2347
2598
97
624
991
2407
2991
2388
988
119
1589
653
556
2555
1695
2567
639
2484
2460
868
1840
177
1702
449
1863
2286
2923
1761
159
12
2451
2697
2337
2068
2082
2737
10
1963
1019
39
801
506
2184
331
1436
1006
2715
1969
1551
2147
1630
686
2083
2001
1788
2496
1244
2678
188
185
164
2671
1879
1727
2001
2558
2112
807
284
561
288
1773
1150
780
1874
1191
2393
2347
272
2469
2997
163
2938
2567
1621
2488
299
587
2892
670
708
262
269
2651
2978
2129
2829
1956
1993
1033
24
824
177
505
718
1453
2511
1486
821
1961
827
263
529
1591
1161
2269
1525
1847
2206
1416
1365
445
2931
1077
816
1696
1048
2893
2372
2024
1685
10
1823
2018
2219
2684
2231
980
1704
1540
972
1709
2229
1480
2785
1024
2705
1369
404
2617
628
2182
2641
1298
573
2719
1577
2479
2916
1206
2010
2061
1854
335
2411
1856
2048
2311
331
1232
363
947
166
240
218
854
44
2339
2825
371
1881
15
450
1887
2918
715
225
925
698
187
2361
203
2857
1633
2072
2599
767
382
850
2736
1139
789
1324
133
439
2822
2219
1596
1122
1538
1849
520
2724
186
2811
1277
2703
1350
2570
2322
1837
1804
2556
582
1439
776
2991
1539
781
874
39
2297
560
2641
2232
1844
1077
2067
1068
912
2810
1043
2241
427
786
2811
29
2056
1428
1362
441
1671
2439
626
178
1775
2410
1720
1333
1854
2359
2895
309
2380
2367
1050
2592
978
1128
2241
2480
1686
2339
1781
2035
1022
2373
1639
2500
1575
500
1069
1515
1483
1258
1027
857
2490
1346
1810
1715
1469
2862
1621
1632
1948
1691
75
1622
1905
1914
1630
1135
2101
2556
986
1987
1834
1259
2640
2957
699
2238
2124
2667
2045
1781
854
2065
1700
2213
771
1264
1256
475
1445
2574
1190
381
1036
2302
1286
2158
2616
2550
371
896
6
797
2884
2227
2626
2431
136
1669
458
1982
1190
362
886
2245
1045
2329
2398
220
965
2973
881
659
807
2259
716
698
2251
2391
2717
698
2472
1930
537
829
2973
1050
1918
2654
925
1632
1318
260
1642
2381
1492
2961
2755
279
2419
2152
1542
2592
2427
1090
2941
2633
2153
188
1649
1250
2930
1197
719
2149
528
2154
2747
342
2570
1737
1550
555
2727
756
1690
2861
276
2727
2128
1167
2716
1173
1265
1246
28
1937
406
276
954
2305
2289
1644
79
1813
474
1633
2633
1729
1096
1327
1113
150
422
2201
1649
140
136
2402
2489
939
1612
1172
970
2281
1470
1734
516
843
544
1131
768
1373
320
1588
2078
1051
1215
2021
1568
185
1916
732
627
2611
2759
2988
2765
2798
2086
1651
2590
1900
1816
1980
1944
252
1741
2676
449
2297
856
2144
1015
2285
1485
2109
17
691
343
2055
2243
2849
34
1923
1387
2295
1640
2820
540
2595
2096
661
2493
1635
1263
243
1601
2263
2600
907
2503
1685
644
842
1540
291
1284
1841
26
2192
2809
1966
2563
422
0
398
2581
1657
2002
2029
1078
1838
1504
2559
116
837
154
1269
1071
2770
864
2052
2433
2402
2909
2303
1071
1758
245
2725
1043
406
1661
2604
1569
1077
1779
996
943
1637
888
137
441
205
192
1242
1020
726
1380
1278
186
1260
2974
2453
950
866
2486
773
997
2342
2284
1121
2518
1001
2565
1040
522
545
1771
2663
881
2889
1240
185
996
1512
1404
2072
1415
2435
2705
2807
2377
2548
1365
1868
1861
546
2160
1923
2426
2779
1851
695
1128
658
1582
2157
2812
646
1914
2688
593
770
2190
1611
2784
2210
2096
486
2131
2811
1894
836
1257
580
157
2134
2876
1483
1376
240
2266
2112
2434
2021
2279
2754
2648
1805
385
2774
2651
2326
304
455
2372
1883
1545
2908
780
1724
412
1893
2753
1598
2653
2279
133
1760
421
2386
1670
182
2947
2902
1778
612
2928
301
1863
1949
1817
2119
2783
2545
1756
2617
2844
657
1161
2124
2888
1483
2225
911
665
2777
1186
2775
947
337
1798
2629
320
1206
2347
528
2637
793
1405
1521
134
147
2128
2535
1226
1334
2586
444
1949
2730
1479
1438
1630
559
590
1851
2316
1815
1074
2726
725
2608
2113
937
916
2517
1488
267
297
1137
2709
366
2834
359
1397
2228
2239
1425
260
1559
1492
2805
1509
1196
1747
2366
951
1748
2028
603
1802
472
2352
1172
2249
1530
2718
310
2857
1374
2880
2288
1810
301
1531
682
1511
1118
841
704
2523
2964
452
1063
703
2705
53
1160
2749
2225
223
2212
309
2017
2931
1643
519
1774
782
1609
2780
2504
1983
606
759
2811
1111
788
2483
1190
610
456
1069
2872
1683
705
149
225
2043
2679
2766
63
2366
2752
572
2735
100
1880
74
413
1113
2837
2042
1528
2418
1940
2343
1931
2018
40
2117
1911
163
1604
1175
1311
2434
901
567
432
1421
2129
1413
30
1474
439
2896
2487
2740
650
964
270
659
950
2803
2113
747
607
143
1848
909
2115
2788
403
1994
548
1311
278
2568
1122
2095
906
942
2548
1466
2338
428
395
1977
793
1602
1657
1193
1609
1198
2910
2370
1729
973
2967
1118
44
2088
242
1484
2799
2325
2951
2919
1758
1808
744
1523
1434
2471
1294
2497
1167
2749
1550
182
970
2353
1236
2810
2731
1719
366
1055
2944
1148
2750
2343
90
581
2900
2394
1326
2707
2955
2808
855
1495
2099
1871
1949
950
2614
2581
1234
2730
480
380
1737
2929
2163
2631
288
187
1092
2287
1137
673
267
1860
2570
2699
1611
1862
2605
623
61
1710
2290
513
1634
2157
1733
2928
1935
2745
531
303
1140
574
1435
728
606
514
1815
913
118
467
652
197
472
2453
2969
1586
127
976
2157
2152
1440
492
2077
45
2237
1935
2927
1449
2607
2805
1703
630
1870
819
1062
2669
1806
2587
1804
1804
2306
2554
2336
2164
523
314
589
1258
2741
374
853
1203
2503
576
1001
754
2905
146
2705
1908
2563
1408
2735
1484
203
2978
2966
2026
2310
1899
26
2146
903
1144
1488
1463
471
2493
1980
2666
956
653
2171
2325
1436
677
2130
924
2974
741
2994
2360
613
2295
776
1073
726
533
1820
2969
1583
1042
103
2828
1540
2642
573
1509
1297
1257
2854
1740
876
536
2531
2378
438
1512
883
1077
1393
2104
349
2977
711
134
1007
1008
2738
2668
2272
288
2836
1215
74
1544
2719
1878
383
716
1106
1917
969
2869
472
1668
1634
2940
418
1813
806
502
413
1549
2730
2429
1260
1170
1179
2118
175
2155
1649
1402
93
1715
181
316
552
2710
2773
2794
610
2465
589
831
1301
2271
70
1846
69
2612
587
2991
2580
941
750
2201
1999
2638
1250
155
915
1438
990
1867
2698
2421
427
2520
1029
1122
1255
1707
1654
2470
2302
2971
2137
1502
2111
2803
390
901
1464
2219
1098
916
253
356
1366
2380
343
1683
729
1767
1631
2623
2794
829
107
1514
1293
2092
1752
1744
1144
642
441
302
1090
1322
172
1796
770
583
2550
1523
360
1292
227
1758
2065
2129
2673
1557
971
2217
2082
1769
896
2017
815
435
1039
1680
2440
388
2576
2050
1480
436
675
134
260
2238
2161
1831
761
2200
2592
2797
2461
1450
2493
2525
2228
260
151
1949
2575
404
1617
2171
1843
1272
2645
240
678
2924
211
523
370
670
2393
2897
343
993
2359
94
254
1981
2087
1443
2340
2829
1016
2406
2684
2116
1415
2552
686
2718
1318
898
1472
1473
1935
1417
1547
1211
2693
2420
2052
2785
2534
494
2287
2201
1908
1918
1056
2693
2210
2925
1236
763
1105
2375
1404
987
815
2102
785
2451
1261
33
2612
2694
2636
2784
1108
434
1814
596
2462
122
297
2364
1856
2726
2551
2871
337
1083
270
1343
618
1127
1182
1254
730
1146
1230
227
1310
2249
2914
2162
1556
1597
1722
2877
821
63
2411
2506
1187
2669
2978
1100
3
2513
2378
1058
2771
658
2840
1804
1536
1912
1100
2242
975
1836
805
1635
1405
2152
1926
468
60
2897
2623
270
421
2125
2307
1283
713
552
1508
1626
1914
922
750
2369
2971
1771
2750
1746
1095
1585
1942
1047
384
1515
2159
995
1666
1674
2488
145
263
357
227
27
2013
7
1672
1220
1261
264
332
909
1548
2293
2263
2545
2469
1017
1025
595
2944
473
1513
1244
1615
923
473
1569
522
1393
1153
2917
2409
2333
419
217
1888
1965
985
384
2832
2067
2627
2594
2499
406
1384
1514
2325
1795
580
817
739
1317
2935
1873
1396
2720
2007
2489
1458
2174
347
184
2672
790
131
622
2282
789
2990
1207
2948
1231
2574
2004
337
285
997
378
1493
920
384
1266
884
1160
1436
743
2697
487
1015
860
2013
2267
2267
2351
106
2752
1959
2137
785
1959
1455
466
2942
1022
1935
2266
17
1379
1967
638
265
1211
2737
2237
1237
1952
1496
2803
156
1488
95
403
633
736
435
356
2460
320
430
2924
308
2078
1057
2494
1324
1143
375
32
518
2572
120
1833
2652
250
1480
1869
690
1511
378
1718
1695
1361
893
1107
1520
1539
342
1774
2553
2878
2732
1192
2795
193
465
1999
2120
2842
1562
310
484
946
2383
2760
698
673
2197
963
2235
1451
2808
1482
641
555
2599
1420
1209
1918
1055
1825
1404
2880
2615
1581
861
1085
2220
2727
937
583
2231
792
1572
2390
93
739
100
1183
2170
1464
2201
1275
713
2358
2416
1378
1909
476
2624
2647
699
1339
1847
2705
2890
1585
1848
381
2458
1792
411
867
835
1155
224
1909
1033
534
2577
2032
2941
2867
2075
2242
1355
1785
2835
2081
2505
2232
2984
2705
2054
2085
2639
2255
1244
1364
1133
191
1227
2006
167
667
2122
617
725
990
303
1192
1629
807
2864
2091
1741
419
1285
1043
2809
1808
76
1320
998
1279
1636
669
2044
336
1127
524
968
909
2813
1454
349
2462
2035
816
775
1456
451
2132
121
1343
771
447
425
2096
2078
1717
1949
2983
2816
2002
819
370
1704
2763
2631
451
433
12
460
1780
1332
2604
848
920
2868
633
1868
841
2504
184
1086
2689
2034
2578
2470
1682
2671
2257
669
1411
1216
550
1920
1909
1543
1117
2156
1508
1945
2569
2557
2784
2331
1115
2542
1948
1286
513
677
1723
693
2205
2522
1855
1098
229
764
97
578
2796
933
1975
2961
1438
206
117
444
293
1002
2984
974
2638
2631
2783
1902
2679
2682
2266
1943
2494
2255
2271
447
1132
1503
711
620
2288
950
2362
2187
189
2754
2963
1129
77
797
2892
2055
57
428
1046
1044
1879
457
1408
437
941
381
1060
2114
2802
2406
1887
1104
1835
1120
2739
1392
691
660
499
1377
860
541
2829
2590
1496
1459
1427
2453
272
2099
849
2595
345
927
2979
1062
274
254
2365
2142
576
5
2285
241
786
188
992
2677
1529
840
1758
2692
1420
1783
2583
1747
1643
1931
2152
2890
1002
2977
2696
2956
703
78
979
214
2134
580
679
1695
1805
2526
1094
2409
1466
1642
584
2736
1951
1104
551
2820
762
517
2999
2112
873
2199
109
314
135
1360
1895
1481
1766
2966
1823
1311
1025
6
1036
881
1344
422
1800
2575
2763
856
2791
1318
1030
1530
2215
2462
1449
752
722
433
2029
1197
2881
2947
79
860
2261
2411
277
418
511
2877
2539
104
1234
860
1323
1955
2222
1453
241
617
1638
1248
374
1319
2424
2717
2900
2483
2966
2385
1459
213
2252
183
423
842
1491
1790
2594
742
878
445
855
233
1836
1553
2840
2478
207
2150
2318
1058
2278
456
1472
2708
1457
2689
1391
247
377
2538
1100
2876
917
1916
1068
1561
2363
2049
86
1430
1962
2913
1720
765
1696
777
260
127
2226
1301
2877
939
2386
2500
2160
717
2818
2312
2476
1109
198
2846
1419
1951
2209
1261
1108
2487
822
2615
1110
1688
2734
1555
2366
2759
650
1449
1320
1352
1061
264
1077
525
1838
1370
2392
1094
1580
1526
1475
401
128
2971
997
2922
2447
268
231
996
1816
238
120
2837
2624
1221
1372
543
991
1459
652
1748
2195
1758
2566
2783
2180
2015
1099
420
40
1544
1469
2726
2557
2127
1223
2342
372
2051
2673
720
336
2194
2178
713
1058
1672
356
1538
516
2286
734
774
1163
51
800
2389
1904
1832
2493
1789
207
1290
2264
1938
1970
76
1092
1500
464
2244
118
2603
2632
91
2000
86
1394
305
2665
1564
1502
145
191
1947
1984
1328
550
678
1891
620
2567
1731
241
2295
213
1566
2191
358
2074
679
676
2381
2990
72
405
2758
2438
203
125
1531
1000
1611
2193
1914
1828
1928
1184
1883
589
2538
2676
270
1088
266
1662
2199
2954
1271
1264
1322
1758
1514
1519
2880
2716
1782
2662
2333
751
309
2334
274
1823
2086
235
2333
2072
37
1830
1208
2501
1067
1563
2542
1256
2425
1625
1113
2167
2971
2705
38
689
916
1093
656
1135
757
1437
2750
656
2658
834
182
2488
1693
2367
2266
2545
2753
2793
1187
2616
1841
29
795
2209
818
1640
2757
1573
1256
1054
1256
593
532
1923
2847
1903
2401
162
2200
278
2488
39
1923
1223
2836
371
1308
2533
1838
1523
2521
2591
1106
2211
1045
2083
1175
542
529
224
299
1506
977
1711
1970
2364
1829
789
1279
2401
1500
2856
2055
1090
1435
1759
2399
408
1933
586
1889
2356
785
682
1701
383
2150
1232
1848
2875
2880
58
1612
221
1716
1461
2109
2512
1547
1352
1014
1068
2045
2302
1471
456
1641
449
571
2444
2149
1897
1345
2326
1974
2005
2656
787
1696
102
563
284
1110
1307
1951
656
685
1
962
1051
686
789
779
2149
2434
2183
2295
2504
2901
939
1668
2910
25
1454
627
370
130
2061
2473
1445
116
1892
1932
1316
2402
1478
2933
2706
648
1312
2404
1102
601
2300
2761
1986
576
650
80
381
2793
717
2631
1504
849
2093
662
215
303
570
1736
1176
412
2606
772
1954
456
2139
1371
904
2830
2228
2647
2077
476
688
1640
1107
2007
568
1252
286
2181
146
741
1130
386
1356
1242
1327
665
71
1269
406
1156
958
1939
859
2096
1929
1881
1015
1757
2678
1878
2398
2841
30
404
2775
2555
1947
834
1077
2439
1685
798
1101
2343
2144
1101
577
313
2840
1864
599
1933
813
1713
455
1221
1648
2379
2934
2690
1237
56
1247
1429
2903
2474
1163
564
854
2122
304
2484
840
17
2394
2196
1090
415
830
1985
2415
2298
1610
490
700
1914
1502
784
44
362
1995
6
215
1678
464
1572
2016
0
882
1752
2568
1297
1689
2491
1863
1052
2395
2144
997
2713
1583
942
656
2289
739
563
852
1554
403
1756
528
2451
2901
798
1197
1208
294
209
2363
335
161
2043
1319
1815
2765
1308
1273
2631
2793
1288
1549
2667
1722
2012
1524
1056
1295
2209
93
1005
2753
908
1887
422
838
2152
2958
1587
2153
930
2815
2192
1252
633
2615
2206
1882
1846
1000
1843
2258
2449
2326
2876
2141
2375
1748
876
929
621
54
1271
1775
703
257
73
1455
795
767
2586
1901
2077
2471
1494
1105
2586
225
1315
497
1187
2434
1084
1852
726
335
1684
1216
1174
384
2445
259
2126
1457
1097
1847
223
2993
679
2381
2503
2983
530
1436
2485
430
1921
1532
2297
2805
2648
1730
52
1651
2295
862
149
1266
1135
2876
1741
2917
1322
2799
183
1349
368
980
1140
280
1004
501
2815
390
219
422
1027
1776
2200
1891
2934
1263
1539
2756
2961
1375
1712
332
1642
2148
2304
1637
969
212
1805
1772
1878
2560
1015
2416
2333
1469
276
1281
2905
1030
1602
2934
1321
1873
2532
2760
2008
1458
2076
2903
693
1720
2428
2725
663
1908
1882
422
1955
710
1091
2901
1176
1424
1265
2846
290
1653
963
1403
2992
2646
730
669
2838
788
408
2040
2342
2299
408
1440
1045
2221
86
1118
1836
1762
2969
2384
2834
1664
1705
2655
181
2104
1726
1401
232
2851
926
2580
148
1384
1734
710
1379
670
2742
2348
765
60
1661
367
792
1228
860
2002
2614
2665
2709
2210
1405
2959
2409
968
1275
62
442
1988
2910
823
1236
1722
1892
312
1741
689
821
1109
1415
2844
1334
2796
553
2588
466
973
2200
1608
727
2603
2608
816
930
2829
2326
1785
1198
2502
2884
1048
740
2165
1596
2035
2499
2554
2584
1174
276
1405
2128
1138
1700
2019
703
2236
687
2224
1925
686
156
2888
292
1414
1199
413
681
1595
174
2098
635
895
1203
2101
1814
1653
591
1138
2211
1079
542
1759
2143
398
620
1248
2193
931
880
2246
734
1451
1521
2335
2881
2288
1304
241
1268
1945
1334
2063
2052
1552
2126
1556
418
575
746
1398
687
1178
2652
1331
1028
1354
57
1834
1744
2713
1193
2798
1322
1900
2961
505
1657
850
1621
268
2190
2979
1644
1021
1881
414
522
1445
2194
39
2689
1224
1726
1812
115
1745
278
100
2716
1148
2903
1240
2486
2231
872
171
2684
1364
1635
2134
2161
683
1158
1275
2752
1439
1774
803
2275
1482
513
601
106
2555
2254
78
842
2598
1833
344
2396
2238
889
579
2900
788
1480
1440
2460
1092
674
1043
1127
124
859
559
2687
2142
2594
743
2327
888
446
2761
1546
2086
2952
2267
812
2876
718
1235
689
2560
263
807
2879
164
1157
2623
1571
248
2374
2866
2114
2776
2765
606
2771
1962
343
811
1646
781
1985
2207
1007
1105
625
836
811
1334
504
1860
1491
1884
2386
2569
23
1040
97
2831
1913
2145
222
723
2360
887
808
1357
691
1824
2720
697
1058
2274
496
1765
1798
785
957
954
2372
2922
508
512
868
74
1912
326
409
1989
695
1075
1447
1028
104
2300
2121
2915
1784
1257
15
1279
1794
413
243
1202
2789
440
1190
1606
1715
796
975
2279
530
755
2261
1614
1851
2858
331
877
2419
2060
196
2783
597
2896
2379
2495
924
2695
318
2119
8
2207
2853
1872
1224
690
1392
279
2248
193
941
1149
1581
2743
579
2806
2327
854
957
1594
630
2610
2430
2098
2266
904
2461
1651
1713
2005
2839
2594
79
416
1541
2943
829
180
1213
1074
1285
2731
312
1148
1317
2216
1979
1839
644
2475
2072
1011
1225
247
59
2458
1445
1654
2172
2308
2217
841
1156
1867
2357
722
1463
2462
1882
407
1212
473
2785
1006
1128
509
1830
2431
1600
1876
148
2564
91
451
1101
1939
1833
462
1454
2784
1198
708
451
2127
523
1253
1138
1060
2943
559
1465
549
2706
2988
2929
1806
2414
2884
1038
1072
345
2882
832
1976
2920
2184
119
2596
716
471
2474
1983
122
2058
1815
2283
2319
705
297
1737
2467
2377
1919
697
788
377
88
1895
1512
19
1501
1844
1348
2616
2496
440
278
1056
2257
1004
1318
790
2424
10
1404
2321
822
2188
1014
1070
2214
307
2462
875
2298
2610
1634
932
495
2025
868
511
436
2163
2300
307
1125
1190
2548
727
72
2602
1882
1411
1605
759
1690
1798
1623
610
345
527
1000
1755
2146
244
1121
349
2467
617
2774
1878
92
353
1460
2567
2801
1592
2037
1900
504
2366
193
2458
2773
1258
2723
2913
376
788
1115
2293
1200
148
202
1297
2210
1906
1803
69
2882
431
768
791
189
1831
1483
1483
1198
1411
919
1255
1702
1061
2991
2856
90
1463
2779
2282
10
728
847
14
180
1154
2274
2560
545
1359
2835
60
2893
2032
1748
1049
1037
888
1388
2430
2285
2024
1503
1663
1085
1901
2340
81
868
2139
1161
2946
1934
513
190
2223
776
2801
1656
574
2835
85
1932
540
1291
601
341
2320
574
72
311
625
1644
1255
2384
1009
2414
1807
715
1465
395
915
597
732
2891
2464
1517
21
585
407
2892
16
2188
895
2713
209
2758
2582
370
2401
1045
2798
1050
1273
905
2098
1336
1735
2652
1962
2520
1941
2424
1586
207
375
463
2874
538
547
1679
438
2110
2142
2055
2024
1954
1421
2412
2597
35
1755
120
507
1103
119
2630
2736
2863
188
2649
1193
106
737
450
2221
2505
1241
625
93
1574
992
2242
2902
2264
1237
2012
857
1571
994
1651
2860
801
1955
698
2946
806
1615
2117
81
2912
690
65
2648
2158
2759
1064
2389
1067
695
874
987
1427
1308
2496
338
1385
2728
457
1597
2588
319
700
1381
2797
914
1748
2871
405
776
2788
2175
2812
2363
1185
77
1652
2952
2759
1568
2470
1395
2511
2767
904
883
254
934
2555
56
1927
1413
2331
2480
962
1307
443
888
276
2021
2386
2756
538
203
498
452
1935
2345
2169
459
2139
999
2133
2884
2055
396
2638
295
1082
2099
2600
465
2543
1081
2458
2074
2581
559
1336
408
787
2003
2464
201
408
454
2902
1425
126
1569
239
279
1200
2698
1979
872
171
211
2462
1369
2655
1895
229
2666
1201
1101
2436
918
1951
2834
1777
848
1827
854
285
1606
2386
2405
998
1906
2836
2472
697
1619
1090
1787
524
2611
2263
383
2954
2124
2154
1185
1622
1981
1956
2563
259
2853
2209
2023
526
1930
2381
218
1863
2227
2204
2059
1012
2617
1703
1833
2570
1003
2830
1665
279
1331
1120
758
2838
2978
2825
1109
570
1481
722
697
1987
633
1985
1620
2611
2691
1185
2171
2104
2242
2557
1044
647
966
2229
598
2287
2127
1870
1460
2479
1221
2481
1674
11
278
2384
2130
2975
1979
2997
553
2203
2404
1337
885
1579
329
233
2143
2481
581
880
2736
2964
1792
1691
2313
677
555
25
657
650
763
862
1080
2637
1338
359
341
2122
206
2417
2771
639
2816
2365
830
574
2587
2079
1219
2480
2675
923
2925
1364
272
334
264
1827
1802
2908
332
1273
2152
2226
2989
2449
2850
2016
1740
302
1022
132
2664
752
1298
2126
578
1672
2061
768
1640
2611
2356
1037
48
2236
1174
1187
2412
1750
1520
926
1419
551
2600
276
313
1624
1253
2077
2549
2942
1111
2827
1576
1368
1185
2066
2915
1241
2160
2897
405
685
2203
1030
290
431
1398
686
2789
783
2171
988
2090
787
318
148
625
2157
424
1517
320
1760
1572
411
1461
666
28
174
264
796
633
535
1818
1707
1803
1930
1432
2713
480
1648
2270
868
1853
673
521
2267
2544
2213
1396
2241
2706
2665
1507
759
2202
2899
673
799
2633
2689
1561
2416
2209
1462
2427
1551
1864
2443
399
916
1971
869
1095
1313
10
1682
1891
1049
1493
1859
2651
1741
1722
505
538
544
2351
2122
1168
2524
1845
584
1289
791
165
1066
201
2274
1229
1030
2030
2473
2501
1558
2483
1409
14
564
1256
817
782
1573
1928
1389
856
529
1084
510
549
2516
745
2276
2381
625
1911
385
2255
1233
1424
2230
2460
1101
1060
2276
413
2487
2697
217
1443
822
2792
2549
999
2155
819
85
1409
2843
1641
958
1361
254
2900
2686
1288
1505
1610
2368
1052
659
86
2574
944
1593
2089
2469
2139
2844
2852
2872
1662
1896
1074
1350
1207
675
2142
117
1727
885
612
916
2629
2694
986
471
1150
37
1615
2478
131
2282
1442
211
554
2072
775
2705
2561
1740
2722
1087
1761
2242
1247
360
102
2854
2349
2342
2331
2323
2223
2844
2870
676
2467
1937
1492
2759
733
894
1570
2265
2153
204
1120
2478
1178
2035
905
2373
1928
100
717
1626
1957
956
1189
1105
822
2527
1942
1582
825
45
1233
1398
1030
1288
457
936
182
67
2915
1913
1200
2118
594
929
151
486
1678
2430
1444
2430
1674
54
1366
2213
82
1352
2837
2216
575
2768
2759
231
382
555
1367
164
279
2162
2124
1991
1809
1702
1823
1956
1275
745
956
1095
2599
1235
146
1939
2052
1029
1199
1165
2776
2096
2189
1364
485
2976
2056
234
996
1119
2614
2168
1113
1287
2699
2058
972
2247
545
572
1738
1048
2266
1790
203
2130
2899
670
100
2399
892
1348
896
1820
294
2627
1811
2130
1702
2253
2813
63
274
871
2496
2262
331
2881
697
1729
754
1695
149
1055
1529
2995
867
1439
1010
2744
2736
2247
2518
2376
289
613
1121
712
1195
2762
2547
1030
1726
2522
89
690
2570
2840
2213
6
1576
2988
1614
2141
494
1435
796
1650
2727
2509
1380
510
374
2690
2687
956
1360
920
1667
357
2999
2475
41
2720
1503
414
1633
686
117
1734
2306
2668
2686
593
1843
2560
2161
256
1750
2224
753
1566
2702
1898
2421
684
1077
1278
893
2105
451
540
2030
318
900
2234
342
907
2218
726
2357
1950
2717
1727
1579
1050
2457
2871
2481
1613
696
2670
25
2022
2644
1253
808
1574
2050
318
1578
1537
2086
131
508
1091
1538
1651
839
1067
2634
2339
1884
2507
1124
648
1068
1257
1122
592
2509
296
1964
1031
508
105
874
1247
489
1373
2291
2287
1576
1198
975
2032
1579
1592
103
1210
1362
2792
831
562
2411
1253
1267
2477
1566
2568
2643
748
946
1138
1219
759
1548
2427
1070
2288
394
2113
1012
1788
477
1743
2780
810
1617
1760
646
1773
932
2508
2507
2926
196
576
1357
1731
358
1427
2900
2183
1444
2286
1907
839
2462
1943
1600
1422
298
921
1654
1205
2955
366
2934
2739
2738
2947
1729
849
270
2875
2279
2795
1720
1091
2900
1051
819
2109
1259
1751
1008
354
1179
2173
456
310
1516
625
1434
452
2847
2013
1376
2237
463
558
2190
728
422
2326
1214
2877
2577
135
1599
1637
2431
1169
1061
2301
715
1444
2300
2385
224
1055
2292
2683
2347
895
2593
2819
260
2036
1280
608
573
1724
489
1102
1949
1516
442
681
1453
2378
2458
1513
2419
1014
1568
2831
777
1415
43
2663
1881
1023
357
2671
900
2660
327
1023
2698
1632
2141
1146
2705
620
2890
750
2046
2380
372
2008
2861
286
2846
830
2087
825
2371
2615
1256
2954
962
2226
355
1271
1626
2681
2092
1470
2978
1445
2236
588
1977
1227
2281
2340
1884
704
1593
2420
2053
582
1256
538
1460
2604
256
2510
2246
753
2458
2430
2887
1426
549
488
1625
2685
2219
1993
547
2507
349
651
743
1250
1126
224
124
1072
840
2562
1056
321
1628
2678
2256
953
1887
1966
2396
532
2938
203
1345
1254
781
193
160
1754
2784
2196
939
2193
81
987
410
616
2818
596
547
366
656
2357
584
2437
2901
792
2332
1517
654
1932
2135
516
1957
915
2567
805
2014
1105
544
2207
2503
613
2
2514
737
2998
1543
6
1591
139
2473
838
1235
9
1459
1659
1707
2219
2103
2896
338
2119
1786
1007
470
1334
1722
2947
2886
1703
967
2577
2918
1424
2605
1219
2008
2951
792
1286
781
852
617
989
1671
2725
1473
1934
2221
1502
1924
1368
2736
2741
566
974
2428
2954
1759
291
579
1896
1758
1286
178
2781
297
912
2443
1073
1667
2402
711
2018
2069
2064
1470
1411
2350
595
2746
2537
2959
1946
1086
2659
1128
2835
373
1532
963
2408
67
2990
1208
2589
520
87
253
954
1926
2396
2326
1060
1592
2289
621
1757
840
1092
2052
1582
1023
2702
116
1028
312
907
1534
1435
2026
992
2353
793
785
2960
941
1337
2357
689
2900
2210
907
1064
2341
484
2224
155
1407
1758
1115
1936
376
679
1529
1790
2236
1743
2620
2841
2181
1722
1880
2099
2275
1965
2787
88
2164
1451
2005
1753
1383
1539
1080
2177
1037
2018
276
1118
1330
2058
2162
424
1773
687
1599
1106
2617
2188
2809
2969
643
2482
1871
1198
1405
197
2940
1673
826
1429
2566
825
171
825
958
1598
1945
1498
1199
855
1557
454
2246
238
2891
1109
2693
641
1595
2674
2195
836
1730
56
2878
2206
1259
2737
2674
1176
1497
186
569
1276
125
1523
2013
539
1320
1374
1962
130
2379
1338
1045
452
536
1279
2400
2485
2001
2148
989
1910
2895
1740
953
1772
2379
1427
2382
1688
81
2992
2250
2567
2711
2882
1832
197
723
319
2556
946
2466
1376
144
857
2982
2509
1158
2653
848
2261
1520
402
1525
2380
1292
1469
1761
2007
1757
2407
37
1762
2555
31
2290
1193
1605
58
391
1067
121
1729
1287
18
798
261
587
2321
1171
2912
855
842
1481
479
1389
484
1995
28
2746
63
188
2663
1535
2701
2454
1818
656
1163
2476
697
2760
2764
1182
850
2226
2192
930
204
1343
2524
2122
17
618
1460
1736
328
2432
1580
1453
25
434
210
2862
2469
1985
149
785
1655
240
189
2111
728
805
990
1295
1667
1107
1764
1109
301
521
463
1151
242
833
2212
2206
2487
552
1456
1666
1650
954
204
2759
612
1787
1115
1253
1907
2794
1469
2485
2251
2125
786
1711
1197
1574
11
486
121
2661
873
1194
566
2594
2161
296
212
404
1079
1415
56
2613
1436
542
2086
2323
250
191
452
1919
1416
2297
2740
2021
1858
256
1116
719
772
485
1482
2856
2989
2476
2612
1738
951
1185
2095
338
2380
2072
1748
1421
2229
1238
2900
1581
2247
2425
2020
887
1478
2341
103
1084
2004
1964
1473
92
2317
2340
194
819
1224
2632
1369
2791
2726
513
1009
1064
1131
2885
2944
1882
1567
30
399
2375
1545
962
1764
795
2922
76
2918
290
178
2414
842
2988
19
2012
838
1010
2713
2027
37
1240
1874
1606
707
1366
1272
2697
1999
2259
1959
1191
1758
2816
698
2561
476
1061
1438
1360
72
2593
2568
395
2653
734
36
540
2603
1577
124
2837
2404
1563
2606
145
2314
2043
1542
407
1303
857
2194
2341
2362
170
2036
396
2225
2693
2979
1694
994
359
503
1044
2877
1857
1397
1359
2704
476
188
484
1274
1883
1282
2344
1114
2845
2324
2891
735
2415
1066
2467
2203
448
561
1720
2384
392
656
1481
212
2376
1226
1418
2474
1695
2004
580
1735
544
1354
1858
2389
2998
720
2305
1673
1701
2311
2712
490
2173
2891
2237
1689
1027
1373
1847
1987
2187
775
715
2984
1843
2618
255
423
2426
2439
1104
2690
448
1253
1111
1988
120
929
1854
1201
1412
2325
549
419
1955
2669
1328
2394
993
1112
2360
291
234
1533
1377
1371
2847
2356
463
1302
342
1757
778
1366
2354
1304
2029
2844
2450
2892
841
2813
1075
2108
2999
2628
523
1514
2815
79
1696
146
1157
1017
2887
2025
1783
490
1994
850
292
1562
2394
549
353
1939
1031
2819
1771
512
501
327
2593
923
659
2041
1401
926
1962
1316
516
1119
650
790
630
313
2590
839
541
1000
1087
978
1070
988
2203
998
1295
2121
1607
1143
2022
1305
1142
2532
1412
1348
2379
2327
946
2359
2473
2931
2034
1743
226
876
2434
1766
1686
402
584
1967
2784
2393
2811
694
2775
2807
2064
212
753
