168
634
1251
1134
2118
2837
2598
145
2074
2480
342
2640
1396
2770
2092
1630
2937
208
1840
999
957
1026
101
1822
747
1714
292
2083
1302
2152
1035
2753
1065
41
2331
389
669
2960
2027
858
365
303
419
1521
2549
720
2026
1469
1517
2338
1318
537
2994
2571
1908
283
2923
2682
1124
709
1917
2760
558
133
950
36
1633
2195
2088
910
1585
498
2120
912
347
1236
1657
2452
1594
1264
278
2703
1988
783
2861
1562
1768
1797
2460
1722
2508
2938
2211
1118
1198
2198
1079
2884
1838
1780
321
497
924
2486
2283
1910
1710
674
1765
580
1254
655
1021
1757
1936
1479
2785
28
188
1261
2604
683
2114
68
551
251
505
370
1649
2771
516
485
908
1281
1311
2251
1580
428
898
865
958
398
2880
675
2684
568
1046
410
906
238
479
2952
1816
1491
820
1447
1890
1707
1799
1576
1952
253
378
852
2571
817
52
2489
1638
1547
1959
2862
1440
196
1804
2008
2623
1541
1114
2520
2185
2029
2082
2238
1996
67
316
1964
609
215
2213
1074
179
695
342
2504
2174
1920
2776
588
983
486
2737
1129
1417
615
1391
491
2478
707
2933
1713
1061
1628
2832
2146
1509
1428
1260
2890
2717
1891
166
1534
1038
2599
2193
2690
2495
178
1859
49
1121
1601
1420
93
565
206
2593
2516
2063
2656
2547
2372
2767
807
44
323
1573
1348
673
2891
854
1164
1850
2014
1492
2291
2490
1102
1343
2041
662
2078
516
2005
2383
2668
1019
2097
1792
2909
173
2969
668
2577
779
910
998
359
1165
2701
600
2917
2900
1829
1697
2211
1598
2523
2646
1948
1247
1498
31
1390
61
365
1255
735
694
1019
1866
304
849
2656
529
2196
2755
441
2853
587
1400
2232
178
2016
855
2763
2981
2648
958
2631
1817
283
2731
606
1298
709
9
269
583
869
420
1505
1088
531
1516
1540
1908
2864
2915
1609
1061
1940
2409
2164
2598
2646
1528
1544
1620
685
1673
1433
347
2536
819
984
764
2219
2444
158
1014
1622
2605
1101
236
2998
2822
285
256
373
2159
401
2129
1135
1457
2541
504
821
1987
396
1141
51
1338
1214
2957
2735
2941
2736
151
1317
1984
1586
2972
1151
458
461
2026
2105
2091
1042
826
702
777
1406
1130
88
640
1316
766
2291
759
475
302
1623
1234
1055
2049
2706
1400
1047
1771
824
776
2847
408
2038
1068
1065
635
1235
510
326
1253
1020
2501
1739
1294
2623
766
2302
397
1368
2674
1434
1056
1262
1196
1607
1604
268
423
2825
164
1505
2704
268
1311
723
1941
1769
1127
1710
999
1017
1582
2611
2085
668
1777
879
1366
423
2083
2305
2199
841
2770
276
395
2378
2777
953
508
219
754
2430
2699
2692
2116
1849
695
158
2758
340
1718
2934
2305
265
568
1814
1031
2787
1550
1686
2595
1911
1139
835
1144
2413
1315
2079
2871
2428
980
965
815
2841
758
295
2281
1782
2073
2957
2086
49
2894
1049
572
834
485
2062
1271
2283
1128
1905
1753
466
307
912
230
620
485
2557
2987
2684
8
258
1432
2554
1997
2658
2777
591
2823
2910
721
2580
577
2550
1303
2583
904
2609
2002
1095
98
912
511
264
607
722
950
912
1940
479
2701
2488
1450
765
2484
1310
1757
2982
1242
1901
1349
74
2526
371
448
426
1454
732
166
2100
1777
2793
1476
1697
1150
866
1317
1273
1350
2135
2965
954
2007
1716
271
1494
2077
1591
1637
1130
808
1523
409
2083
676
2676
2475
2931
2377
2784
1173
1491
2452
2436
1193
2589
2148
2128
834
912
2238
2098
957
1579
1933
2985
160
1855
2305
2448
774
782
1435
2018
1193
856
2888
8
2112
1265
1001
2379
425
762
1814
738
1176
2960
544
385
1781
2606
620
588
846
1810
1158
2522
922
637
2595
1778
2011
139
2073
766
2469
1715
1547
423
2456
9
1762
1050
925
2508
1006
2040
1466
1490
1820
2062
2048
2584
784
2929
1626
2155
137
2053
1053
2511
639
1926
1699
2187
2467
2007
2689
1536
337
1885
2973
1529
2251
1977
1323
37
1054
1392
1283
328
1324
2862
1080
2740
1445
1027
2203
159
1059
2992
781
1702
1269
1571
2938
628
2652
616
2804
2862
1160
2556
1818
45
1725
943
277
270
1890
1175
2297
2455
50
1436
2371
2228
2633
398
1287
330
2409
2883
518
1744
2029
1846
2340
910
1230
2071
986
2565
2145
1988
1619
1571
2400
959
83
2937
1846
2293
643
391
287
375
1862
183
2337
940
130
1870
2613
2773
593
2392
2182
289
710
832
1748
1874
1579
2502
990
1855
152
762
2414
286
2058
1637
2476
2064
1994
393
528
2671
2222
250
517
2282
1010
2400
2359
1143
2563
68
2389
2179
501
1287
2356
1107
1533
2539
330
2949
2789
678
629
248
71
718
2599
516
1160
1129
1610
954
2024
1409
332
1518
154
2626
640
197
2968
392
355
2930
2235
389
2271
573
1405
1783
1676
1468
2900
174
503
1334
2862
1509
979
400
93
408
596
1255
748
2334
892
2288
546
2800
1326
2964
1004
1171
639
2597
2891
805
240
398
981
264
1497
1943
1717
3000
1643
770
2740
517
168
1409
481
2618
2440
166
924
1015
1557
402
382
181
1306
956
902
1234
1294
1379
410
1339
1647
236
475
143
302
1141
1874
2242
2418
2938
1026
351
2022
2978
754
1742
2070
1291
2276
1024
2544
1545
2996
244
2185
4
365
1503
342
2269
1849
2811
897
347
861
1406
2330
87
1865
2357
2565
17
1339
2262
2543
2358
794
351
51
1159
250
1890
2383
1998
113
371
1595
2128
2955
1661
2984
2485
